7)
train_loss_ce

[1.1310374985904164,
 1.083732938753789,
 1.0386550588619783,
 1.0255783992126264,
 0.9986174453464493,
 0.9324434974943879,
 0.9115616380518475,
 0.8834613592191801,
 0.8113712970699375,
 0.7997838592686767]

train_loss_sq
[0.346151951324102,
 0.31472349505120756,
 0.2985321351353258,
 0.2813628982620177,
 0.2713597295912887,
 0.2573065213529542,
 0.25378482207781455,
 0.25730229321741965,
 0.25172760489460877,
 0.24761524270630683]

valid_loss_ce
[1.149296941461289,
 1.105630788095951,
 1.0590200898223336,
 1.0508790358837483,
 1.0359472564571186,
 0.9638610586981773,
 0.9467183175710623,
 0.9094838651627689,
 0.8502695095588809,
 0.8259406570791571]

valid_loss_sq
[0.3475593330747247,
 0.31654588358245483,
 0.3015458835824548,
 0.28434588358245483,
 0.27637528508581277,
 0.26262409322256575,
 0.2595619350722947,
 0.2631267591674106,
 0.25981716069682104,
 0.25715244150384164]

6)
train_loss_sig
[1.1679775435725452,
 1.0768405812980906,
 0.9816292726880079,
 0.8926787931793811,
 0.8345169990229493,
 0.820854417568634,
 0.7998315556067151,
 0.7945167350879255,
 0.7594745288661541,
 0.7537798817216653]

train_loss_tan
[1.4090609019305442,
 1.2848231216423147,
 1.1564221082786508,
 1.0355579532303372,
 0.9853378516653692,
 0.9566399435758938,
 0.9327901859037906,
 0.8763251886923452,
 0.8710389609443174,
 0.8430387884260861]

valid_loss_sig
[1.1952293361158854,
 1.0897405330426027,
 1.0161441420887074,
 0.9218540903769971,
 0.8817843458041632,
 0.8733129226693638,
 0.856663184463553,
 0.8471864470363147,
 0.8231641444516499,
 0.8125718094237997]

valid_loss_tan
[1.4175779038330354,
 1.2940088302839974,
 1.2007979476383983,
 1.071569210956531,
 1.0197358769470724,
 0.9931348938478867,
 0.9661643567557743,
 0.9238678828034675,
 0.9061458971628402,
 0.8863470698057563]

