

Epochs = 10

H_layer = 1
Neurons = [50]

Train_loss 
[1.2665362996527296, 1.1103810261251346, 1.075511567360837, 1.051121561057235, 1.027878951244478, 0.9372096017327486, 0.9804800297991316, 0.9052889126911519, 0.8850093358488165, 0.8668014882143806, 0.8647174230500441]

Validation_loss
[1.292982759115807, 1.145040915854089, 1.0980064555437454, 1.1030945120186593, 1.067189673986618, 1.0012355868940248, 1.0252843244218204, 0.959359249400055, 0.9576128754019537, 0.9277069074602785, 0.9205609997929679]


H_layer = 1
Neurons = [100]

Train_loss
[1.1211247610613235, 1.019184081330025, 0.9846792186505762, 0.949014103601973, 0.9348981471717065, 0.9707377547731818, 0.8551562819795304, 0.8536493510818042, 0.8074243408526219, 0.8182186020882978, 0.8139312500697024]

Validation_loss
[1.1511250147496455, 1.050575496678039, 1.0259516093809296, 0.9823717712858187, 0.97253206012143, 1.0161099345454676, 0.9175754114966441, 0.8985072554035288, 0.8661826535805649, 0.8768908329718146, 0.8746415563500446]


H_layer = 1
Neurons = [200]

Train_loss
[0.9975963749386094, 0.9309060558483936, 0.929131280011877, 0.8954389089356547, 0.880219405193865, 0.907116997592219, 0.7875766972251094, 0.7705800781019884, 0.7628996053328776, 0.7363734501733216, 0.7296511310243928]


Validation_loss
[1.0271846188968916, 0.9602559390087079, 0.9717882630056105, 0.9398116513791052, 0.9217088885499939, 0.9537831074310487, 0.8329434843466624, 0.8272986568697758, 0.8090411269795604, 0.7858461626770824, 0.7834160570658951]


H_layer = 1  --- try improving by reducing learning rate
Neurons = [300]

Train_loss
[0.9876599533023712, 0.8687997067779519, 0.9329863658149405, 0.7866565380001105, 0.7515633127458711, 0.7279062321038334, 0.7299785870542725, 0.7289728460847595, 0.670595699101964, 0.651991010454448, 0.6369515687315799, 0.6194386196249528]

Validation_loss
[1.0283193197827352, 0.9138023047616869, 0.9750046378606818, 0.838843066818626, 0.8089485564321532, 0.7833231786600131, 0.7854637086731563, 0.7883063497321462, 0.7178677810358147, 0.7191425541964638, 0.7014185887135044, 0.6792156556272919]


H_layer = 2 --- try improving by reducing learning rate or incresing epochs
Neurons = [50, 50]

train_loss
[1.3039782009351686, 1.1494425528280883, 1.1231985131733713, 1.0869731032208982, 1.0032440430691185, 0.9950118511099045, 0.959979060800125, 0.9382186122871132, 0.9302070108221544, 0.9275664234637196]

validation_loss 
[1.3104688698505416, 1.1733113598650438, 1.1565734074821334, 1.1248810871573514, 1.0380248146639217, 1.0300335728256702, 1.0002856075011644, 0.9960455391189318, 0.98433479941406, 0.9921397276256012]


H_layer = 2
Neurons = [100, 100]

train_loss
[1.1310374985904164, 1.083732938753789, 1.0386550588619783, 1.0255783992126264, 0.9986174453464493, 0.9324434974943879, 0.9115616380518475, 0.8834613592191801, 0.8113712970699375, 0.7997838592686767]

validation_loss
[1.149296941461289, 1.105630788095951, 1.0590200898223336, 1.0508790358837483, 1.0359472564571186, 0.9638610586981773, 0.9467183175710623, 0.9094838651627689, 0.8502695095588809, 0.8259406570791571]


H_layer = 2 (annealing at 2nd epoch)
neurons = [200,200]
train_loss
[1.091932166728816, 1.1283562596698784, 0.9238322705244922, 0.8593169669369982, 0.818794221234218, 0.7752635447886416, 0.7325437430543418, 0.7260711546301701, 0.693856251669325, 0.6564533720949318, 0.6189897823672407]

validation loss 
[1.1105650209516456, 1.1692416931047984, 0.9806212363302761, 0.9174204431417097, 0.8644383246334443, 0.8436468082592119, 0.7735040547027106, 0.7732698535060122, 0.7444780118936826, 0.7230078756552856, 0.6758090735040344]


H_layer = 2 
neurons = [300,300]

Train_error

[1.0759665047917064, 0.9975870213797611, 0.9281203426225257, 0.8929249529259262, 0.8531020522605782, 0.7936863141348716, 0.7433729868576623, 0.8037702986980874, 0.6768160216854953, 0.6337243404138165, 0.6078137864379982]

Validation_error

[1.1069333236965548, 1.033313011139887, 0.9654044967314536, 0.944755408688958, 0.8889914812801822, 0.847031416111525, 0.7938240096697525, 0.8649622274797537, 0.7293798270444232, 0.6944313127131085, 0.6623117680996916]


H_layer = 3 
neurons = [50,50,50]

Train_error
[1.5521370932055831, 1.350595252397355, 1.3395275512391944, 1.1977359362047761, 1.1825514887332904, 1.1458151885597263, 1.013176405057329, 0.9875459072939743, 0.9788257008155217, 0.9533887430495755]

Validation_error
[1.5601222488923199, 1.3733662547649925, 1.3710964486354777, 1.224605463155473, 1.2208354308244704, 1.176251959675136, 1.028036123631746, 1.0430171639012462, 1.0226725765029534, 0.9973903605649046]



H_layer = 3 
neurons = [100,100,100]

Train_error

[1.4828212579366986, 1.2336579979898612, 1.086561863721389, 0.9766828689925043, 0.9513179928252812, 0.8888869440573062, 0.9015006967955576, 0.8643573738558341, 0.8349836642300289, 0.8076703983500187]

Validation_error

[1.5008286697563618, 1.2763771939030468, 1.1209503692547818, 1.0141046674656191, 0.9912655111658462, 0.9262010742388916, 0.9538101273954223, 0.9079541952175694, 0.8942629703671342, 0.8568212047589872]



H_layer = 3
neurons = [200,200,200]
Train_error
[1.2666422798282562, 1.1608726901540205, 1.1035784485985378, 1.0173187861510282, 0.9842735188618752, 0.9221633586340939, 0.9434003995532423, 0.8634919472171569, 0.8117543761576204, 0.821510772702233]

Validation_error
[1.2757628087086115, 1.1955633853714454, 1.1356674683862509, 1.0532496008799959, 1.0251233424326667, 0.9704713560421009, 0.972090230165705, 0.9100758625948152, 0.8662199573956965, 0.8660992878150245]



H_layer = 3
neurons = [300,300,300]

Train_error

[1.2092268478987351, 1.0714514599889882, 1.045830236361063, 0.9559301131893594, 0.8697388668822128, 0.7698634398526911, 0.7561028287978865, 0.7125128216914504, 0.6911567271182338, 0.6484699914287705]

Validation_error

[1.2410335040177223, 1.1119546136324214, 1.0567695029994775, 0.988514375744232, 0.906548124836563, 0.8301037658771611, 0.8014412041200998, 0.7845792311704151, 0.7399242664118071, 0.7088355789748293]



H_layer = 4
neurons = [50,50,50,50]
Train_error
[1.9000949362441504, 1.6633310994549833, 1.5558591361345577, 1.51956966447233, 1.5035233623851774, 1.4625453201865455, 1.3811338316793982, 1.3332778047594676, 1.2769609903503465, 1.2206107344727752]

Validation_error
[1.9045445884557834, 1.674254517211777, 1.5623267171308644, 1.522455122455504, 1.5183427771043159, 1.4525172774327653, 1.4051995691565888, 1.3611683177247087, 1.290616374191311, 1.239033464183868]


H_layer = 4
neurons = [100,100,100,100]
Train_error
[1.577060852551577, 1.4575508514699396, 1.4487971358583371, 1.2865892519449793, 1.2520948417758762, 1.2002962120114633, 1.1142075853720956, 1.0904544662627897, 1.0009599226982273, 0.947973986700369]

Validation_error
[1.5762856937000609, 1.4811641832438387, 1.46159100882343, 1.3130177101402172, 1.2781218574035302, 1.2322107587540352, 1.146874638389604, 1.1329731524609268, 1.0527353432652236, 0.9929764763287331]


H_layer = 4
neurons = [200,200,200,200]
Train_loss
[1.4502555198649276, 1.3761311387946469, 1.3144941208127023, 1.2845907148681996, 1.1198214288718258, 1.0879422601961166, 1.0402749881375717, 0.997756202077859, 0.9963919535052779, 0.9180167510371986]

Validation_loss
[1.4713785925347556, 1.402496192140196, 1.3206227217034618, 1.2966379461021, 1.1251774980180667, 1.09798366973997, 1.0677799419966651, 1.0289305448720414, 1.0348287612285068, 0.9697887385595148]



H_layer = 4
neurons = [300,300,300,300]
train_loss
[1.490411042881028, 1.3659115305982599, 1.271725779837603, 1.1129373389588695, 1.0662435180249772, 1.0348437040539773, 0.9697701055084152, 0.9410568209630027, 0.905144598782718, 0.9061462757792987]

Validation_loss
[1.5098833439956398, 1.370401595889184, 1.2991032004012846, 1.141857531910274, 1.089039878191761, 1.0679611388209032, 1.0117034488165, 1.0033708620907753, 0.9569140710076183, 0.9601131076352364]



